7.153285720914062949e+03,2.111323176238116568e-03
7.334392070789540412e+03,2.065806023653713429e-03
6.446038562605174775e+03,2.290972075627371179e-03
7.160091299216935113e+03,2.119466185510252097e-03
7.475715614166091655e+03,2.044284172173864086e-03
6.524193548355222447e+03,2.280034738233341005e-03
7.645752878213179429e+03,1.995409539805044485e-03
7.400399596951044259e+03,2.055562969960858088e-03
7.745495002185476551e+03,1.968937432163102210e-03
7.408974146981531703e+03,2.057463784861449964e-03
6.975500657866144138e+03,2.138623029358928569e-03
6.879142875013339108e+03,2.199286490032315890e-03
6.838355024274675088e+03,2.175251442907038309e-03
6.876074081271435716e+03,2.164271214837829548e-03
7.596814414044414661e+03,1.991541000640624157e-03
7.662134203495569636e+03,2.002229161905774279e-03
7.317296365885626983e+03,2.081585251717729072e-03
7.021421613935259302e+03,2.134433131155476053e-03
7.629440098846180263e+03,2.006954935777377491e-03
7.372366023365000729e+03,2.068834981399599472e-03
7.392613649981944945e+03,2.053672661814726595e-03
7.056572576963827487e+03,2.121670953061737148e-03
6.503439058291423862e+03,2.280885255467698502e-03
7.689641894736156246e+03,1.980334933687078434e-03
7.521073168905819330e+03,2.027064834802911556e-03
7.083920714131940258e+03,2.143296466003870738e-03
6.252045275658721039e+03,2.361719023225676995e-03
6.364138806159050546e+03,2.311864944352285019e-03
6.916499705730147980e+03,2.158352993587323628e-03
7.282340582547723898e+03,2.085930912952295088e-03
6.741368252713055881e+03,2.250177850738859040e-03
7.492513569121320870e+03,2.034960796747062577e-03
7.611607544187272651e+03,2.019764811152055962e-03
7.693760364887733886e+03,1.980450441711408688e-03
7.344275649366930338e+03,2.078958811886523830e-03
7.559114933439373999e+03,2.022481388777190581e-03
7.053101835998257229e+03,2.133107979298935752e-03
7.328892325518258076e+03,2.065985171898260166e-03
7.398938599905070987e+03,2.053495224570426290e-03
7.266980783538389005e+03,2.073334186287559625e-03
7.456821835352881862e+03,2.045088011405370165e-03
7.239831487267470038e+03,2.092519496411308477e-03
7.124108342156672734e+03,2.127379465438588267e-03
7.253810277913738901e+03,2.087055846907908373e-03
7.118510736166523202e+03,2.099535749243684919e-03
7.590113925422995635e+03,2.004748667609884249e-03
7.124573195424932237e+03,2.131418623019736003e-03
6.550362918770447322e+03,2.280673376389589623e-03
7.389342675030243299e+03,2.063784577937786534e-03
6.600439376172258562e+03,2.263006290406967269e-03
6.731501618469032110e+03,2.203742887511634784e-03
7.654941461448844166e+03,1.989868758659677286e-03
7.089904281992375218e+03,2.136606414873461635e-03
6.648211756453248199e+03,2.239220337957931704e-03
7.801246444536687704e+03,1.947203638978635843e-03
7.627922931832225004e+03,1.976150635515136478e-03
7.066204039986094358e+03,2.129381041516829106e-03
6.979219438661188178e+03,2.148259714280389195e-03
6.952892829375120527e+03,2.195418287481939925e-03
7.387165480215304342e+03,2.071329684756244120e-03
6.456893663757005015e+03,2.295325108720858674e-03
7.350861266963408525e+03,2.066793656204757561e-03
7.473406243517649273e+03,2.036536866260315898e-03
7.114208866807263803e+03,2.113912900371351170e-03
7.494379388150891828e+03,2.035986298042872546e-03
7.391891745936902225e+03,2.066229575706522107e-03
6.593759805078925638e+03,2.252166532274083206e-03
7.134051039490610492e+03,2.124569366698607874e-03
7.190267611796559322e+03,2.131248500448112721e-03
6.596498460230316596e+03,2.279977788362743448e-03
6.676745627917159254e+03,2.223561907910291419e-03
7.080655508114996337e+03,2.126773447108747800e-03
7.021533885152342009e+03,2.148700118636493774e-03
6.597978992729043966e+03,2.254231917039052971e-03
7.685201066495287705e+03,1.986343081168212565e-03
7.512218813155709540e+03,2.011774254340383417e-03
7.323132692767009758e+03,2.098119617013716447e-03
7.425848937623611164e+03,2.061183072780214866e-03
7.394022432635587393e+03,2.036538805843976247e-03
6.663102062574594129e+03,2.225127483660410688e-03
7.528478787627865131e+03,2.005468545773625780e-03
7.706128788027507653e+03,1.991151639916604547e-03
6.400938793798160987e+03,2.328294969492987043e-03
7.138962844382817821e+03,2.132271752546030952e-03
6.972338631106373214e+03,2.153064572251121161e-03
6.506455500315270001e+03,2.286246925651051927e-03
7.501976173467650369e+03,2.028015811071972371e-03
7.356342347736400370e+03,2.061319344493126125e-03
7.714962242638801399e+03,1.982060478865726918e-03
7.502427618476543103e+03,2.030927273294318245e-03
7.405560108142872195e+03,2.044654544946393482e-03
7.491005506963557309e+03,2.045966214778063581e-03
6.974231066619599915e+03,2.143132648514803340e-03
7.680361804295072943e+03,1.972120505810944727e-03
7.622235023829494821e+03,1.994610135247962528e-03
7.559765107083214389e+03,2.026329873380049162e-03
6.577914931566207088e+03,2.256424927535214363e-03
7.580308550880648909e+03,2.011817882972713554e-03
7.327998490814079560e+03,2.090595375575650654e-03
6.526127355968973461e+03,2.299518419664357913e-03
6.303570911033141783e+03,2.387083931023348173e-03
7.492556226902306662e+03,2.015894991455917645e-03
7.086698939696716479e+03,2.134938962588909910e-03
6.438978060812194599e+03,2.343462516661043524e-03
7.705953490757822692e+03,1.978189105099529329e-03
7.069685480175341581e+03,2.145546883694762676e-03
7.373207454260624218e+03,2.050333203381098524e-03
7.399794309968283414e+03,2.044607773586894130e-03
7.884204207414989469e+03,1.930264750587124467e-03
6.752882811904336450e+03,2.228762502012556542e-03
6.258549916465821298e+03,2.376657360921347398e-03
7.209305041977329893e+03,2.116268515505536404e-03
6.726718027353522302e+03,2.210575598381977862e-03
7.618826894006761904e+03,2.007690087882565717e-03
6.636814995197465578e+03,2.248791098554711685e-03
7.080962662259602439e+03,2.141591120898529883e-03
7.272326635452662231e+03,2.097872415517870303e-03
7.793624747520158053e+03,1.949491406339199295e-03
7.806243757598324919e+03,1.963376748510982980e-03
6.095319858088069850e+03,2.432174116585700350e-03
6.987677191391592714e+03,2.181188994410759602e-03
7.134333688245234953e+03,2.126973169522631060e-03
7.283062784187164652e+03,2.083359988504680359e-03
7.202209189937046176e+03,2.103901946913491663e-03
7.406387349005487522e+03,2.070983291931688224e-03
7.652849774928000443e+03,1.993662780618870103e-03
6.981405581502433051e+03,2.149351314917922334e-03
7.494607718017623483e+03,2.008401527440333532e-03
7.470770163048848190e+03,2.048028121931958802e-03
7.468068192897764675e+03,2.036449367866113511e-03
7.223979967120919355e+03,2.114346159540524041e-03
7.323224142261237830e+03,2.098771382278654188e-03
6.334213036148479659e+03,2.358039834988494288e-03
6.661425902528245388e+03,2.263734539518675714e-03
7.364194377501495183e+03,2.057464437682557899e-03
7.728598094563814811e+03,1.974686184102006879e-03
7.174942855723134016e+03,2.099195863180918983e-03
7.409086180950577727e+03,2.047610963828290671e-03
7.327413747934567255e+03,2.079181138502804536e-03
7.803895203296850923e+03,1.959928175497712820e-03
6.583688730441620464e+03,2.267378886180503993e-03
6.677260775149137771e+03,2.263498891641004158e-03
7.207798665916102436e+03,2.095694111107085714e-03
6.477825160652853810e+03,2.271071479373739429e-03
7.613622344562133549e+03,2.007143685870308326e-03
7.607942942647555356e+03,2.006524407303764915e-03
7.441064106118268683e+03,2.053167576705632741e-03
7.748156752004813825e+03,1.971133695773058005e-03
7.317215837518496301e+03,2.086237221509019361e-03
7.213093955462471058e+03,2.082353709381624951e-03
7.144217387374160353e+03,2.123739538915234842e-03
7.404615925668349519e+03,2.037541268682777768e-03
7.657711456302642546e+03,1.991595999303819899e-03
6.830245012775825671e+03,2.227935740368950507e-03
7.559664537413196740e+03,2.010380799039495573e-03
6.993117145134639031e+03,2.140841168609364416e-03
7.510069186685275781e+03,2.021224651013937487e-03
7.407147866701189741e+03,2.060026690561992963e-03
7.271320990819001054e+03,2.104918139235697951e-03
6.594631984273134549e+03,2.267270743913365853e-03
7.595040124971304067e+03,2.010689898378317450e-03
6.860223091740993368e+03,2.163037724711661374e-03
7.267360451202644072e+03,2.083306713698029541e-03
6.412030982162755208e+03,2.300910186106925204e-03
7.475338211634782056e+03,2.039019403072434358e-03
7.684640213870739899e+03,1.991942974100742794e-03
7.353281715799013000e+03,2.066061614630493315e-03
6.881100225931423665e+03,2.177392070314979316e-03
7.471824150213997200e+03,2.044186880453860346e-03
7.280979868607762000e+03,2.095084925643654703e-03
7.643002873414889109e+03,1.983801607833780151e-03
6.537388168172570658e+03,2.275857690179597555e-03
7.732692232926675388e+03,1.989162008814947952e-03
6.343556197778756541e+03,2.322323232092146986e-03
6.954020793689617676e+03,2.146774699047417339e-03
6.570470590820928919e+03,2.252911525696826584e-03
7.611670893666202574e+03,1.996349290990856538e-03
7.046611297397781527e+03,2.129506792465558213e-03
6.985806163234157793e+03,2.157822815030053208e-03
6.717721939246425791e+03,2.234226471226813393e-03
6.471595299973042529e+03,2.299284892811231159e-03
7.541842230965116869e+03,2.022200267420348491e-03
7.432198182250035643e+03,2.035052890136500835e-03
7.729861969339924144e+03,1.988571487823553863e-03
7.225271167207170038e+03,2.105131961221954565e-03
7.595675105575475754e+03,2.023390112754872624e-03
7.622379451336597413e+03,2.005180796685119855e-03
7.643350371072859161e+03,1.998394817643683787e-03
7.536777985830489342e+03,2.025189093611308097e-03
7.423725507464864677e+03,2.049522288466556433e-03
7.502120174176476212e+03,2.026257802604999013e-03
7.500196164315834721e+03,2.044069578134336332e-03
7.378372277145616863e+03,2.060778084562674660e-03
6.843457466508446487e+03,2.201928520097549795e-03
6.439707080384706387e+03,2.309376146675875142e-03
7.055552157563151923e+03,2.132773752088510961e-03
7.175807727927889573e+03,2.120611655689506273e-03
7.170840411925974877e+03,2.086352315427399129e-03
7.676460247130587959e+03,1.983853971314911580e-03
7.663218794660922867e+03,2.001333107411111360e-03
7.394628552826869964e+03,2.069568766347440296e-03
7.704118456093057830e+03,1.980730984004786931e-03
6.952251142630707363e+03,2.196218703432775352e-03
7.231633638891454211e+03,2.101787916828670201e-03
7.468023709001358839e+03,2.038322639595657650e-03
7.355883059579225119e+03,2.071673780190016328e-03
6.346914154307126410e+03,2.329659157776623780e-03
7.204893249696198836e+03,2.106824848746869424e-03
6.413999748390029708e+03,2.335096235016511507e-03
6.624681577966041914e+03,2.241032619768182962e-03
7.187243825052165448e+03,2.113524571926686003e-03
6.753120953122963328e+03,2.215064886812626900e-03
7.240601169430036862e+03,2.066223249434165441e-03
7.612216277339206499e+03,1.995979554989770009e-03
6.854850006251252125e+03,2.199088311097045778e-03
7.039219260875775944e+03,2.143239485764352262e-03
7.281770956418076821e+03,2.100507001103155483e-03
7.312798691984726247e+03,2.066954277080965997e-03
7.234675182541894173e+03,2.087922869381624285e-03
7.182475850179916961e+03,2.100019415003410387e-03
7.335665057580287794e+03,2.071761661863065311e-03
7.542257480840237804e+03,2.037076033589972895e-03
6.592410660094644300e+03,2.257717771309529064e-03
7.235621020796338598e+03,2.111680273955412069e-03
7.863127840776277480e+03,1.918892364337616884e-03
7.628466503538465076e+03,1.997619012084232877e-03
7.463407033697427323e+03,2.040765486697683831e-03
7.418114336412071680e+03,2.048500796005595613e-03
7.159402919815840505e+03,2.107877150010485558e-03
7.552478512277340087e+03,2.022435740369213364e-03
7.626681955927346280e+03,1.990068377586933293e-03
7.632808359707239106e+03,1.995342563158422015e-03
7.526762206397566842e+03,2.010863731451700744e-03
6.408670972432598319e+03,2.330296096984083454e-03
6.641073091053973258e+03,2.237918278493585163e-03
7.416668996629549838e+03,2.046912623190721373e-03
6.471579309290521451e+03,2.329740434031356278e-03
7.705421911479706068e+03,1.980375314118272990e-03
7.037629524656977992e+03,2.150261693495692395e-03
7.820229093982187806e+03,1.951027121968013089e-03
7.041697760201038363e+03,2.144670685200164833e-03
7.047338030756644912e+03,2.138064552316057323e-03
7.624263551382489823e+03,2.005927072460928114e-03
6.907517380167497322e+03,2.182089287634130827e-03
7.834944178231958176e+03,1.956298909474281020e-03
7.189589252853521430e+03,2.109491800361610551e-03
7.532130622344844596e+03,2.013541831785250254e-03
7.356401836793851544e+03,2.067779866585877334e-03
7.024765394114199808e+03,2.153914112356988125e-03
7.590083456907615073e+03,2.016243242995194307e-03
7.584247996084398437e+03,2.011171325067057439e-03
7.518074449262075177e+03,2.022235006822734917e-03
7.207716539577430922e+03,2.117677335735674606e-03
7.501367068500420828e+03,2.035358714098511792e-03
6.760871053352354465e+03,2.197784678626855601e-03
7.294008588255229370e+03,2.070392184908685044e-03
7.336487009880594997e+03,2.059328068880867182e-03
7.534083149712010709e+03,2.029661046517580031e-03
7.557664195667101012e+03,2.003517299412913965e-03
7.507364473740417452e+03,2.041305832003275506e-03
7.271033529499642100e+03,2.080669908638571337e-03
6.969544379843515344e+03,2.200516120930510848e-03
7.696941857370227808e+03,1.975711931616170279e-03
7.643840678135978123e+03,2.002471899381156814e-03
6.426174962924606916e+03,2.316854365592056330e-03
6.609218923307130353e+03,2.260715394551531584e-03
7.548781703079235740e+03,2.028953491512025531e-03
7.346979901131207953e+03,2.070874950037787914e-03
7.318560119648836007e+03,2.093325037935382747e-03
6.726976391489415619e+03,2.220367764106187611e-03
7.757057217700063120e+03,1.970327550042536707e-03
7.874744751900336269e+03,1.934727797704494708e-03
6.783366812006357577e+03,2.222874015575636818e-03
7.656921436848700978e+03,1.995959518385051739e-03
7.344591080253555447e+03,2.065530635539520633e-03
7.542875466128116386e+03,2.037772912148554365e-03
7.188152112435595882e+03,2.092820467540984237e-03
7.193630120398552208e+03,2.094818942746255221e-03
7.293276333245229580e+03,2.085512842580022549e-03
7.164477027917252599e+03,2.138416717116761560e-03
7.570913509194874678e+03,2.015382232941478197e-03
7.601441223896415977e+03,2.028176072619478163e-03
6.936484341339296407e+03,2.169076731661836836e-03
7.409102946761227031e+03,2.064636824620156783e-03
7.327656875035469966e+03,2.055930579415650092e-03
7.169412231919753140e+03,2.125077034258495735e-03
7.402547542693620926e+03,2.063792196631037031e-03
7.083050825991411330e+03,2.137847493128870648e-03
7.542755230226391177e+03,2.016827000934797061e-03
7.161995275552523708e+03,2.122330947425436244e-03
7.531584015335831282e+03,2.017120683138070702e-03
7.388737516794947624e+03,2.076330261542387937e-03
6.462146302129925971e+03,2.299856820802826177e-03
7.146591694398413892e+03,2.147201177323913857e-03
7.515393819765091393e+03,2.045436173988453288e-03
7.677605929486467176e+03,1.980378479252566104e-03
6.863589931979331595e+03,2.195772688283313505e-03
6.241008331451791491e+03,2.360960028806534470e-03
6.392936960144328623e+03,2.316263545314107934e-03
7.879948922122474869e+03,1.933947042089388495e-03
7.710507091324701832e+03,1.975643003478207756e-03
6.286210240152605365e+03,2.343011721570515023e-03
7.186911649432689956e+03,2.114785851237279985e-03
7.604754383516581584e+03,2.000272814090126462e-03
6.269588547121427837e+03,2.347048841234480529e-03
7.477334241060927525e+03,2.047353428307713535e-03
7.558215731354195668e+03,2.024017280331398203e-03
7.109112679349453174e+03,2.139559972551546320e-03
7.465454024104095879e+03,2.045747710715650064e-03
6.425424799027175141e+03,2.311712261081753060e-03
6.599037816346916770e+03,2.230269382523162019e-03
7.301031367740705718e+03,2.088281115096047268e-03
7.382824116179192060e+03,2.049822980022623139e-03
7.616454013415711415e+03,2.000721966962774184e-03
7.056089973321457364e+03,2.127563808771565628e-03
7.243502023038561674e+03,2.091007361887960766e-03
6.514053014279389572e+03,2.285449893766142854e-03
6.713201633933727862e+03,2.233086621677481641e-03
7.284036095202470278e+03,2.097315923971115968e-03
7.245280020392007827e+03,2.084581182858121287e-03
6.717346516432018689e+03,2.243683953156298903e-03
7.569761791530581831e+03,2.024315974846998319e-03
7.200315625290595563e+03,2.114739187413919915e-03
7.108552681605658108e+03,2.138950946088834584e-03
7.416370878630850711e+03,2.057531869387722867e-03
7.356751571881593009e+03,2.062688395855911440e-03
7.488413417993883741e+03,2.054046231602893024e-03
7.329878868542486998e+03,2.064723118829027426e-03
7.626745284210208411e+03,2.007201365071431542e-03
6.626923676805773539e+03,2.234247509174013251e-03
7.400656557544498355e+03,2.077583239507010179e-03
7.797224483643494750e+03,1.947046330314431859e-03
6.477263813608797136e+03,2.293517757454821646e-03
6.475573745824182879e+03,2.306152799565180673e-03
7.694663868776098752e+03,1.983389899234105046e-03
6.465484173741231643e+03,2.313745616383789359e-03
7.326636163779700837e+03,2.071586042474326834e-03
7.849099767781662194e+03,1.950219731606149792e-03
6.440155689180992340e+03,2.287447862928078997e-03
7.413460862475192698e+03,2.052276531356029068e-03
7.347775271943160078e+03,2.055932447025151169e-03
7.485479614970276998e+03,2.040405061851895043e-03
6.688492513488254190e+03,2.234280900488785915e-03
7.571283757638513634e+03,2.011733270744100674e-03
7.404094073739838677e+03,2.053553306247581176e-03
7.315627653003283740e+03,2.091339234279543033e-03
6.669484451937392805e+03,2.228220584627516911e-03
7.803237021261434165e+03,1.937714539053993820e-03
7.630327842406461968e+03,2.006413779258830066e-03
7.591758635392013275e+03,2.016789225428300327e-03
7.337847027330264609e+03,2.060615403464727356e-03
6.561386142728747473e+03,2.255311345390107868e-03
7.430762445803635273e+03,2.047817884527900530e-03
7.267908469445002083e+03,2.100632494832689861e-03
7.530601892303273416e+03,2.033941026788495515e-03
7.298794171169632136e+03,2.081212204899739789e-03
7.385962044738124860e+03,2.052750968905965763e-03
7.679186673109557887e+03,1.996975736498954063e-03
7.332628138462408970e+03,2.078868790218362742e-03
6.874114376878377698e+03,2.182211625836909513e-03
7.189241995536407558e+03,2.093841748201854570e-03
7.196592366236209273e+03,2.096930684074037755e-03
7.488908240627918531e+03,2.033364522577632821e-03
7.419592265105206934e+03,2.059630195038452630e-03
7.230823985754781461e+03,2.116768843955336380e-03
7.456385723627838161e+03,2.043641106944655509e-03
7.592642590342271433e+03,2.006373762664272111e-03
7.481183379718338983e+03,2.030119186239593559e-03
6.438792592835999130e+03,2.272891501077250413e-03
6.381856905327506865e+03,2.348775242046823551e-03
7.359057569281992983e+03,2.069220612362966845e-03
7.657311672729680140e+03,2.001553114570359376e-03
7.125055447144824029e+03,2.133803262201523169e-03
7.608894490275121825e+03,2.000416612877879176e-03
7.361503179098006513e+03,2.077269187890271127e-03
7.155650460291154559e+03,2.119217937324865356e-03
7.496629098267537302e+03,2.047004279819856793e-03
6.381718576565582225e+03,2.326306570489113188e-03
7.366685228211887079e+03,2.068777666621002698e-03
7.644306568465187411e+03,1.997393567874419448e-03
7.261791666521493426e+03,2.087026731859874858e-03
6.853374500070694921e+03,2.202061865017849833e-03
6.493664869029156762e+03,2.303399709774502438e-03
7.235508017075097086e+03,2.082841511499944169e-03
7.457479315338921879e+03,2.040881689503575361e-03
6.522203420297149023e+03,2.248975642224048093e-03
7.464339943478693385e+03,2.033802259867841574e-03
6.710224150326040217e+03,2.234721110279345828e-03
7.066526677778153498e+03,2.138932210881764814e-03
7.507340964580281252e+03,2.013275876003310389e-03
6.413711252452731969e+03,2.314010685993066630e-03
7.367218289252201430e+03,2.063245029723138890e-03
7.568281905020448903e+03,2.002821782955843937e-03
7.714030556387687284e+03,1.989251225964859277e-03
7.162519999666783406e+03,2.134206515361798413e-03
7.254288374324795768e+03,2.096158838414283621e-03
6.409438268904563301e+03,2.304510461948404941e-03
6.595585452535615332e+03,2.272144935360090844e-03
7.353889564984257959e+03,2.063495208146370191e-03
7.371236997136225000e+03,2.044350267309854707e-03
7.281819675135314355e+03,2.074129019796237643e-03
6.935443309033262267e+03,2.177761015436110136e-03
7.619402979434193185e+03,2.002669014064669024e-03
7.545196752191071027e+03,2.020949258560775404e-03
6.207616486448222531e+03,2.402439925370361638e-03
6.668755205620350353e+03,2.266791590860027343e-03
7.672625851338306347e+03,1.996661518319310484e-03
7.589333386377804345e+03,2.014858909412104663e-03
7.651625754708282329e+03,1.990030459041414960e-03
7.329534429775208991e+03,2.079056361057784932e-03
7.648450154584224038e+03,1.999717771424533875e-03
7.605701580241151532e+03,2.004970565377624508e-03
7.694533267481006988e+03,1.989238414519513276e-03
7.750057228674928410e+03,1.968706122997885069e-03
7.595050628771033189e+03,2.020468138862345758e-03
7.479806733757004622e+03,2.040879471765881786e-03
7.234230357729168645e+03,2.112052401052065369e-03
6.716208840290790249e+03,2.214826790048390025e-03
7.963087338260763318e+03,1.919553559410757792e-03
7.643183683264199317e+03,1.987422736701505762e-03
6.780809261574327138e+03,2.209891577147831982e-03
6.855176895561563470e+03,2.176906705851483319e-03
6.090981212396831324e+03,2.427434766839031959e-03
7.378265278116213267e+03,2.064543826788070580e-03
7.262694229406296472e+03,2.068302829450568286e-03
7.201097847626528164e+03,2.112295974525084472e-03
7.496465850626481370e+03,2.040349562234189656e-03
6.696318105648092569e+03,2.210337073152261311e-03
6.719931736942737189e+03,2.220618381642732765e-03
7.754092559944725508e+03,1.977563558130226388e-03
7.135310564797363440e+03,2.130817198168323458e-03
7.329130088603522381e+03,2.077375848611312525e-03
7.690452987290141209e+03,1.988559822879233923e-03
6.998036430435553484e+03,2.148537582877293583e-03
6.508133774486052971e+03,2.284390470576159061e-03
6.380374427749994538e+03,2.300005956054815108e-03
6.438620143641361210e+03,2.306068878136583941e-03
7.414027805591415017e+03,2.046486330869394521e-03
7.307193061097709688e+03,2.077193915561913358e-03
7.407849620866222722e+03,2.051260062124278007e-03
7.383326457535707959e+03,2.055371337731675806e-03
7.499953275205106365e+03,2.041916304773677172e-03
7.767502970763493977e+03,1.972433713737585959e-03
7.371548516972716243e+03,2.054942201233555567e-03
6.385665065205270366e+03,2.295459565577384967e-03
7.423256280737240559e+03,2.029702680215230044e-03
7.151116299077581061e+03,2.137102408012632893e-03
7.847058200351965752e+03,1.936590813540619389e-03
6.751711512708485316e+03,2.223778852770437638e-03
7.381205033659866785e+03,2.052712772662858981e-03
7.531262392527702104e+03,2.031082804696453161e-03
7.608869192158877922e+03,2.004673809076791026e-03
7.264043790619703941e+03,2.104210065130891153e-03
7.450718213567104613e+03,2.052685721950245953e-03
7.684876592751589669e+03,1.993456104748421963e-03
6.329868076768713763e+03,2.340735802317521052e-03
7.281030360465329977e+03,2.090319404815404927e-03
7.326801290948556925e+03,2.084922663689811346e-03
7.207903216065660672e+03,2.106400660606975398e-03
7.267072287124336071e+03,2.095503632664080709e-03
6.787080618602738468e+03,2.205199021595323754e-03
7.340600291327882587e+03,2.067947221914023283e-03
6.748556975233136654e+03,2.218154240346196029e-03
7.270885446514586874e+03,2.076266348375229928e-03
7.281182728368148673e+03,2.094306219076586071e-03
6.379654865841616811e+03,2.357151581401641712e-03
7.322788765158563365e+03,2.092244608581563664e-03
7.124724510787781583e+03,2.128689870812196672e-03
7.399890526288249930e+03,2.049720055207635873e-03
7.756971910870624015e+03,1.958014616480428013e-03
6.561923839801217582e+03,2.289028042161306373e-03
7.209311497704914473e+03,2.118711161482588270e-03
7.534747309154082359e+03,2.021157206382925495e-03
7.227174170476112522e+03,2.098817228394798517e-03
6.310511770171879107e+03,2.337593812782329510e-03
7.301362577885654900e+03,2.093065995753547182e-03
7.282106442079199951e+03,2.082267594545212600e-03
7.198671412298085670e+03,2.078072394854173048e-03
7.965689882469275290e+03,1.908050459608737681e-03
7.561476606241440095e+03,2.021624290027800031e-03
6.956878316079241813e+03,2.141955126878409329e-03
7.641534226441152896e+03,2.006187197588447328e-03
6.712188729644463820e+03,2.201343868139135369e-03
7.393584526992015526e+03,2.052144937689537232e-03
7.488228203819374357e+03,2.020780338406813655e-03
7.301130344704570234e+03,2.083965030276555691e-03
7.873419612580260036e+03,1.946753875169994052e-03
6.328656529454387055e+03,2.353019776591065790e-03
7.724028536054773213e+03,1.977732918795418061e-03
7.638326506753959620e+03,2.011626806955751218e-03
7.298837871263910529e+03,2.093673471435128670e-03
7.942993063590714883e+03,1.931502527092530952e-03
7.804027901107531761e+03,1.966892657391407836e-03
6.637660506656870893e+03,2.231682011930246744e-03
6.992778912199926708e+03,2.159389929599931594e-03
7.252013135266060090e+03,2.093412375367435709e-03
7.505425638599669583e+03,2.025288669650306649e-03
6.794279789882907608e+03,2.205053770785530675e-03
7.319821904620377609e+03,2.090150279533890213e-03
7.822509219283038874e+03,1.950878014510417898e-03
7.438530643964734736e+03,2.048884126987187641e-03
7.189111759710029219e+03,2.112422744059294730e-03
6.872026344028515268e+03,2.191097910633823913e-03
7.336622350276990801e+03,2.075890249790920961e-03
7.380408076175682254e+03,2.066963576237018825e-03
7.048509145542596343e+03,2.143627566354405593e-03
7.581713917402969855e+03,2.005328899693768503e-03
7.190345990289617475e+03,2.106497538391632202e-03
7.362305130860825557e+03,2.057083050766292127e-03
7.186936062281638442e+03,2.114970362874110839e-03
7.589172630733525693e+03,2.005299522748425160e-03
6.739995746720807801e+03,2.208905659115371813e-03
7.516765184769718871e+03,2.015369509293412058e-03
7.522439411600051244e+03,2.044814491004126079e-03
7.454010743427705165e+03,2.017405650629039687e-03
8.114130071562547528e+03,1.888081838742781396e-03
7.350829230197174184e+03,2.072142061988020527e-03
7.382498164310381071e+03,2.070878343369533282e-03
7.153920064860064485e+03,2.120357347827779831e-03
7.229473041044581805e+03,2.081208578786499820e-03
7.314632521117247961e+03,2.081270668874144955e-03
7.359925294165599553e+03,2.079622086895143579e-03
6.733243686129133494e+03,2.210040531865308227e-03
7.614409566284463835e+03,2.003837489725440388e-03
6.472073175677577638e+03,2.289454561757348766e-03
7.579630275548061036e+03,2.022188883744239964e-03
7.380598235696439588e+03,2.062115897256912647e-03
7.676530526578557328e+03,1.984895530787660761e-03
7.178594016709488642e+03,2.119239880762866478e-03
7.056765167456715972e+03,2.152500657589179623e-03
6.449439079285120897e+03,2.298268417477456697e-03
7.167873639293248743e+03,2.122184467200317112e-03
7.725749865084177145e+03,1.960463285832412389e-03
7.300184916950463048e+03,2.084012764907228806e-03
7.433395599144030712e+03,2.041281773026003277e-03
6.581593307566387921e+03,2.270478844361109496e-03
6.933352056512984745e+03,2.162957824989737189e-03
7.802911500607189737e+03,1.958214155903010775e-03
6.354006571265155799e+03,2.347491379657787140e-03
7.436045630716790583e+03,2.060626700316091440e-03
6.935986891747746085e+03,2.186146370878149729e-03
7.017672267069157897e+03,2.146446043209313068e-03
7.473815152086108355e+03,2.040526674715551630e-03
7.549645131926423346e+03,2.033487883632681837e-03
7.720179236879715972e+03,1.972963276230848412e-03
7.476177799464569944e+03,2.027449064691633305e-03
7.247614197402092941e+03,2.113632348270475664e-03
7.261629043119275593e+03,2.087064119348639064e-03
7.074317571493116702e+03,2.135795765500227671e-03
6.834024212960681325e+03,2.182909695339140237e-03
7.142816544121182233e+03,2.133733569638327030e-03
7.689815985917600301e+03,1.986394873870151855e-03
6.948698614868470031e+03,2.137446605353242671e-03
7.646612962680177588e+03,1.998103629622243870e-03
7.339983275349337418e+03,2.058289308401477138e-03
7.571100893104989154e+03,2.015604639976471390e-03
7.782170424553899466e+03,1.960330586630646549e-03
6.945049252705513936e+03,2.193826333599843345e-03
7.727288192483797502e+03,1.972358233472945848e-03
7.421497095846640150e+03,2.045298877557853289e-03
7.317486961379300737e+03,2.080866140607797767e-03
7.192909288375780307e+03,2.124916678169881928e-03
8.066624006203716817e+03,1.892706873175464734e-03
7.803713894932951007e+03,1.955798824286201706e-03
7.613358951781648102e+03,1.996598013212587310e-03
7.561989016583203920e+03,2.030079670453312831e-03
7.428646686471727662e+03,2.032612765730980407e-03
6.345084407480055233e+03,2.349383209004289163e-03
7.634974628655580091e+03,2.008786317571489757e-03
7.552130768855149654e+03,2.027646805229725915e-03
7.581426999892614731e+03,2.006534649925274544e-03
7.244206048427588030e+03,2.102810639773741459e-03
7.584567554336417743e+03,2.004002084120695606e-03
7.026599099100183594e+03,2.160104133958618000e-03
7.277300351473542833e+03,2.063738551596731689e-03
7.370690744333585826e+03,2.041755962368678370e-03
7.369788878020273842e+03,2.068175203832815431e-03
6.962113930067946967e+03,2.160418043556172878e-03
7.454534315347922529e+03,2.023280192515813751e-03
7.445986616972860247e+03,2.037079294138927424e-03
7.371835254289996556e+03,2.059862354746659543e-03
6.866275805372983996e+03,2.176808156742610773e-03
7.330503833459957605e+03,2.062170429485117931e-03
6.683251681772801021e+03,2.198433723025007124e-03
6.599557290695856864e+03,2.261187032275956653e-03
7.401304486408022058e+03,2.053264769887698255e-03
7.465104470948385824e+03,2.041053614375062681e-03
7.194939444001598531e+03,2.113609384432535519e-03
7.466002062847309389e+03,2.034699501892425679e-03
7.670012055178500304e+03,1.982342704912447642e-03
7.220596089997007766e+03,2.112917725290471959e-03
7.417852738251697701e+03,2.036725922540266916e-03
7.378831582075991719e+03,2.055389882705471998e-03
7.397583607762893735e+03,2.061090237838153483e-03
7.332655885927347299e+03,2.068278213514554778e-03
7.349660490639862473e+03,2.059425264004296000e-03
7.712809982600777403e+03,1.970507303071979653e-03
6.494408997985567112e+03,2.286897950796853984e-03
7.708533126365958196e+03,1.963413594271526310e-03
7.102298851913346880e+03,2.145005741573706697e-03
7.270530334332555867e+03,2.106691547871412679e-03
7.274175201480809847e+03,2.095413664559193662e-03
7.228464461893241605e+03,2.098095641428382972e-03
7.768190285046403005e+03,1.965224502443792525e-03
7.374066230162849934e+03,2.042394546597518443e-03
6.802852086343412338e+03,2.189832137321383494e-03
7.135995385758591510e+03,2.117458383404710771e-03
7.351613372246482868e+03,2.059873492195242288e-03
7.472746471875707357e+03,2.041567076397533907e-03
7.371614843161775752e+03,2.060563767968818811e-03
6.875722206643447862e+03,2.179204864537764852e-03
7.051441709934860228e+03,2.155828441607044160e-03
7.368413196144734684e+03,2.077924324324628442e-03
7.705415512061907975e+03,1.985661419713742170e-03
7.371119738254356889e+03,2.076840362955865819e-03
7.233786446981142944e+03,2.102993121783964907e-03
7.407717542068896364e+03,2.066163323721766608e-03
7.087172961452067284e+03,2.165644070642971063e-03
6.931691663970216723e+03,2.158695079005100177e-03
7.859921988419295303e+03,1.932653122052882880e-03
7.485379838622250645e+03,2.044803588537516016e-03
7.284730383130356131e+03,2.089842002807039932e-03
6.333121399838077195e+03,2.318904298084163360e-03
6.565644987955503893e+03,2.278364250831528895e-03
7.791482379796608257e+03,1.961003373362729413e-03
6.694075119103647012e+03,2.222706014502571527e-03
6.753986282974612550e+03,2.199115377614681028e-03
6.982625977115095338e+03,2.129256406541204724e-03
7.336779326723281883e+03,2.067429707111411927e-03
6.400761077662594289e+03,2.320475540418805421e-03
6.997826353033592568e+03,2.158236346898388062e-03
7.022047113236101723e+03,2.141950045461633260e-03
6.898459741337588639e+03,2.146090709287487054e-03
7.489627877943745261e+03,2.054727883754224431e-03
7.180836592814534015e+03,2.093434444600865592e-03
6.694985840106265641e+03,2.223270292373562274e-03
6.391391137455057105e+03,2.311885759071566088e-03
7.026136370611749044e+03,2.142018457313049715e-03
6.422429313183412887e+03,2.314793549135599725e-03
7.223760523865278628e+03,2.119173619526485471e-03
6.439408835805765193e+03,2.295725951512687414e-03
6.365304542322238376e+03,2.333334768977226355e-03
6.990364535345610420e+03,2.186820146329418978e-03
7.240823717918813600e+03,2.100722965195379096e-03
7.265829154940332046e+03,2.093547845630578438e-03
6.627426446109963763e+03,2.247431519357755841e-03
7.486217285798850753e+03,2.037949178695626275e-03
7.195627147546744709e+03,2.102260214997829762e-03
7.227179043847260800e+03,2.084694570263793869e-03
6.419838039249486428e+03,2.321101278120571171e-03
7.380026029438139631e+03,2.039551899102748107e-03
7.395861937364712503e+03,2.055529288986974925e-03
7.541836581261253741e+03,2.043346288163561293e-03
7.797649718082376239e+03,1.955297539709933367e-03
7.837294728131940246e+03,1.946868189736521669e-03
6.565195464366453052e+03,2.278031264918333604e-03
7.323835516856071081e+03,2.061621431119587972e-03
7.623987718244513417e+03,2.001155252756866773e-03
7.337755483472976266e+03,2.065443892394667851e-03
7.531094795922038429e+03,2.035947804381316086e-03
7.550669390513553481e+03,2.023702131436004494e-03
7.466597803563027810e+03,2.053469315162583572e-03
7.251288063469882218e+03,2.067356658340841705e-03
7.778496206764762974e+03,1.965505603868318834e-03
6.583329195501061804e+03,2.300736270911280228e-03
7.229732682758324700e+03,2.082842539910239026e-03
7.439057503914946210e+03,2.039053739668989559e-03
7.361622523616259059e+03,2.066013343484527070e-03
7.770798951565469906e+03,1.977565435719926858e-03
6.831760905525525231e+03,2.171633831442097099e-03
7.523329236737626161e+03,2.027585294506735990e-03
6.505347482928451427e+03,2.268657697650556561e-03
6.840925089835816834e+03,2.194667616777365698e-03
6.502928274374203284e+03,2.283779042900263307e-03
7.584608088214218697e+03,2.008694194709717638e-03
7.300512958061024619e+03,2.094544993717561629e-03
7.071885005142849877e+03,2.107927819357533102e-03
6.701459874996758117e+03,2.219174799111423273e-03
7.530246417033402395e+03,2.021584668441920186e-03
6.388793513556170183e+03,2.311997495761732545e-03
7.291389323473844343e+03,2.096013880088092116e-03
7.508382992036198630e+03,2.017149268235750650e-03
6.577644594319654971e+03,2.254714356363496982e-03
7.023696702589664710e+03,2.170594016489425793e-03
6.842821635568967395e+03,2.193971530734823133e-03
6.670539327875160780e+03,2.247040565779190487e-03
7.776609472841816569e+03,1.952488169604436668e-03
7.710068078242181400e+03,1.981558239400257881e-03
7.548841122961468500e+03,2.010669167243159944e-03
7.716993509626177001e+03,1.982547264230861452e-03
7.454187210367304942e+03,2.035996108723439526e-03
6.511920854648823479e+03,2.273267106635908693e-03
7.502378050574739973e+03,2.027688042932553492e-03
7.583451318754861859e+03,2.006926592103635675e-03
7.501642506324280475e+03,2.030030350569741581e-03
6.854617849736260723e+03,2.167023704898980024e-03
7.522492372434510798e+03,2.026613364146616098e-03
7.185800787139065505e+03,2.145432278369576156e-03
7.792745093694481511e+03,1.954345189281118250e-03
6.525062366808681872e+03,2.278774245337535347e-03
7.468817440062443893e+03,2.044140848074623828e-03
7.625395399113377607e+03,1.997598569300643688e-03
6.925941682231440609e+03,2.172587990746413858e-03
7.464894035317655835e+03,2.038302716419638540e-03
7.782678288523757146e+03,1.960636265549247064e-03
6.937086848993278181e+03,2.196101734910316846e-03
6.804522467656166555e+03,2.167934206851322796e-03
6.675287087149930812e+03,2.243950866857971019e-03
7.100387861386834629e+03,2.140555541753113005e-03
7.419155809655254416e+03,2.050712015383625471e-03
6.180900705611295052e+03,2.397303990835663017e-03
7.022236522804163542e+03,2.145717045319229816e-03
7.624251525772899186e+03,2.005069569320153903e-03
7.188685890526818184e+03,2.106174238813874212e-03
7.611097909875477853e+03,1.998066886415937778e-03
7.528172707305096083e+03,2.026012255351601621e-03
7.354685149448061566e+03,2.055112770264360539e-03
7.551952260542864678e+03,2.032014293773152461e-03
7.479803862060291976e+03,2.043822760430709547e-03
7.447035023481013013e+03,2.062844693277898506e-03
7.424823337352310773e+03,2.055856627257295587e-03
7.556748196828492837e+03,2.017116730662713714e-03
7.381444769730448570e+03,2.067283691159187663e-03
7.029647657729469756e+03,2.134530305168157172e-03
7.341261567679508516e+03,2.090530405089968246e-03
7.369938984335870373e+03,2.067289789246351366e-03
7.552191887488155771e+03,2.024880176510071485e-03
7.702912467970762009e+03,1.955416933693346782e-03
7.554728179790165996e+03,2.016968458598429690e-03
6.969752786453845147e+03,2.157510888832855911e-03
6.728752509037964955e+03,2.248889258059244122e-03
7.579221189108180624e+03,2.013249424108634871e-03
7.692703340980189751e+03,1.996520606296217117e-03
6.596446217533828531e+03,2.280029252924995874e-03
7.805696917707811735e+03,1.955494969501968619e-03
7.729800067217031028e+03,1.978227559768559133e-03
7.221150699079115839e+03,2.126726777868220581e-03
7.706525413933984055e+03,1.974192407848148530e-03
7.275955248961673533e+03,2.082927237549424618e-03
7.528265428815052474e+03,2.005690370683601079e-03
7.576854630532855481e+03,2.001387418492487497e-03
7.261802028245335350e+03,2.100486269508221662e-03
7.210132953647454087e+03,2.099871208439121981e-03
7.231449654518168245e+03,2.093269067392683480e-03
7.489536679603920675e+03,2.026759373005232543e-03
7.249155732114891180e+03,2.089762156128623701e-03
7.023156687680370851e+03,2.134829833021123849e-03
7.858128089102645390e+03,1.947836225755047784e-03
7.239247197924084503e+03,2.086736193662299364e-03
7.364577415009015567e+03,2.064694692078246005e-03
7.552732396265788338e+03,2.016971611689483135e-03
7.455431890979891250e+03,2.041302851566810170e-03
7.595922553954123032e+03,2.010487788790737192e-03
7.449225910111862504e+03,2.032448331529432013e-03
7.439007287998882930e+03,2.042120879998040716e-03
7.104764174080024532e+03,2.137377929518482784e-03
7.120973462967766864e+03,2.113915869006282363e-03
6.269310822469908999e+03,2.356415742008948801e-03
6.612367719457146450e+03,2.245094061533267193e-03
7.577320559548410529e+03,2.013946436626047349e-03
7.631108324881593035e+03,2.002493131638922140e-03
6.652078707815666348e+03,2.266163461010338269e-03
6.871334547845563065e+03,2.154802125817668283e-03
7.669952231721007593e+03,1.987315841216966660e-03
7.433204209655533305e+03,2.036019552784620185e-03
7.533243449125333427e+03,2.022952603863118533e-03
7.580123297437425208e+03,2.017536713791712264e-03
7.812152171331934369e+03,1.956097474424109330e-03
7.638605797419859300e+03,2.005825930940992839e-03
6.868469458212008249e+03,2.184306227724190207e-03
7.609369946275338407e+03,1.996773692871670926e-03
6.460619009001622544e+03,2.276416474156507316e-03
7.041129711537633739e+03,2.128987989207051928e-03
6.668228171464805200e+03,2.240953827533718155e-03
7.667467891215422242e+03,1.984816117026322151e-03
6.499302251527634326e+03,2.265900792404350415e-03
7.165529568019432190e+03,2.118578236353912004e-03
6.355923696912233027e+03,2.336669257572853223e-03
7.589845771769715611e+03,2.012088398002225345e-03
6.394535378481611588e+03,2.283880866815014583e-03
7.693505130224536515e+03,1.996023771821929266e-03
7.646310640543348200e+03,2.011809321244003874e-03
7.671295586864827783e+03,1.965817382225771778e-03
7.058205207533454086e+03,2.148844076558924579e-03
7.202631050844856873e+03,2.119314653284051168e-03
6.504316810266512221e+03,2.301626740605423101e-03
7.354619540647772737e+03,2.068235002732976904e-03
7.511200089939612553e+03,2.031962165617438604e-03
7.508736110029253723e+03,2.034100929726837675e-03
7.478075112183302736e+03,2.029356627297898910e-03
7.507038599025127951e+03,2.035571567992360952e-03
7.562707384746294338e+03,2.033552397556293110e-03
7.258214269447932566e+03,2.094307593478359018e-03
6.396507121674105292e+03,2.294166190828118325e-03
7.524797832720703809e+03,2.025443427440043031e-03
7.793308399905590704e+03,1.959838295035612032e-03
7.677505716102563383e+03,1.981462553976153385e-03
7.206666233911858399e+03,2.097695406480716389e-03
7.210331663329155163e+03,2.120636178328237989e-03
7.193528082523121157e+03,2.107880180861036561e-03
6.728778929517819961e+03,2.208702893762848340e-03
7.277498017309159877e+03,2.072157170535374703e-03
6.928845973452254839e+03,2.177199447219621900e-03
7.679662249599794450e+03,2.000760624823144044e-03
6.505441120469358793e+03,2.293763473752769965e-03
6.781448169754292394e+03,2.208496722645206592e-03
7.555252745247561506e+03,2.006793201113866651e-03
7.260621304236633478e+03,2.089480030311520551e-03
6.504521209089150034e+03,2.260516082920627570e-03
7.400662812851205672e+03,2.031842379204753385e-03
7.473663922364134123e+03,2.042474277593559102e-03
7.369089814995632878e+03,2.057775375468101024e-03
6.619040469138739354e+03,2.238715431047384914e-03
7.324896421176592412e+03,2.068432522415691692e-03
7.801851047869460672e+03,1.963058860531607507e-03
7.883813726306387252e+03,1.948819839449079331e-03
7.335372164970513950e+03,2.078121998162709219e-03
6.993323698538721146e+03,2.138534002391432199e-03
7.018743235350121722e+03,2.136826483736645882e-03
6.638184697403105019e+03,2.229544042873906652e-03
6.432225660177259670e+03,2.293460417731560917e-03
7.510549621191237748e+03,2.014774342965471553e-03
7.686283102405985119e+03,1.982448993651394174e-03
7.092475948133349448e+03,2.137159480455324851e-03
7.324635494114289031e+03,2.067865070205925603e-03
7.149749942955666484e+03,2.107854103901499968e-03
6.537557477562595523e+03,2.297639265849372656e-03
7.513749267660408805e+03,2.026225338725913625e-03
7.143230279309947036e+03,2.134291717105882454e-03
6.446911870318245747e+03,2.306888632982862734e-03
7.315120984543606937e+03,2.090293053391035095e-03
7.626979742349110893e+03,2.016758648758472296e-03
7.722616199161820987e+03,1.949273221952382102e-03
7.063625110492357635e+03,2.137598332227576281e-03
6.407528731419935866e+03,2.301441320955526035e-03
7.517694268484734494e+03,2.032928358192833285e-03
7.374244037193785516e+03,2.048311941684486607e-03
7.255078708939212447e+03,2.099055930883607889e-03
7.363460199381357597e+03,2.068889574748915099e-03
7.541006150478804557e+03,2.018200990705916985e-03
7.727163507653398483e+03,1.975384083578073883e-03
7.362188330818311442e+03,2.053825175978550317e-03
7.446244723800149586e+03,2.035878820481027817e-03
7.581696045992732252e+03,2.011051973455566400e-03
7.046247616055778053e+03,2.133407604794529486e-03
6.377227881311270721e+03,2.330797359404928031e-03
7.383623410801796126e+03,2.042421709646094052e-03
7.512407735930964918e+03,2.036708250981633835e-03
6.288309704373008572e+03,2.350431325694980582e-03
6.864893851340076253e+03,2.172428334269240879e-03
7.221610437101317075e+03,2.105191709529497836e-03
7.536037159776848966e+03,2.029938607793421289e-03
7.223476579709875296e+03,2.112772638677538114e-03
7.188558081054584363e+03,2.124833144256094066e-03
7.684194159392915935e+03,1.980820796286328431e-03
7.416254091405568033e+03,2.052108190780719751e-03
6.943883177492147297e+03,2.161230117397608223e-03
6.910777618382870969e+03,2.191691480634598913e-03
6.344936133960333791e+03,2.340768087168722342e-03
7.544485819999634259e+03,2.008945279346531845e-03
6.822236878218156562e+03,2.190506034400524580e-03
7.401837409323987231e+03,2.043046410114764816e-03
7.430945730531117988e+03,2.037539043604746653e-03
6.470001412153291312e+03,2.295573206013733387e-03
7.013348239111944167e+03,2.150052730404814275e-03
7.273698127460409523e+03,2.091155965024250104e-03
7.126056931681797323e+03,2.110925007657830140e-03
7.541343683384445285e+03,2.021016760298181662e-03
7.655920753782073916e+03,1.990799887801826106e-03
7.311661633185663959e+03,2.058923660912755776e-03
6.606379311223699915e+03,2.261630604591704109e-03
6.961001936478566677e+03,2.148296930841125593e-03
7.428236674267819581e+03,2.054612667384431070e-03
7.420619117814923811e+03,2.075680941112560598e-03
7.242416164694725012e+03,2.089252567468082283e-03
6.463023212514677653e+03,2.290064245029403093e-03
7.497726180307511640e+03,2.042265144653914420e-03
7.353696228673654332e+03,2.080822330502821692e-03
7.383805767106532585e+03,2.054911448065421982e-03
6.504789703340719825e+03,2.267641660156926448e-03
7.456506369993007866e+03,2.054847805398158592e-03
6.520860997090031560e+03,2.274379387720758261e-03
7.833260561081769083e+03,1.954917781324820407e-03
7.209256409412033463e+03,2.106364474700271605e-03
7.460892214944609805e+03,2.040833333837513332e-03
7.151621048254207381e+03,2.130653717991363560e-03
6.803030189458582754e+03,2.222762382116683869e-03
6.756100810065108817e+03,2.219606824538818135e-03
6.671657344148901757e+03,2.222500042299416657e-03
7.391247428942935585e+03,2.059015171271258871e-03
7.309673253941224175e+03,2.065538437725846898e-03
7.314328543760035245e+03,2.077559353849353554e-03
7.393959433175022241e+03,2.040852231153270687e-03
7.189112679724174086e+03,2.090669556272145395e-03
7.485003722908819327e+03,2.029252222136385727e-03
7.432210923213405295e+03,2.037258322346899731e-03
7.646094623478035828e+03,2.004988884946957376e-03
7.216528562841546773e+03,2.109703275373849690e-03
7.187144610306534560e+03,2.111858164904351770e-03
6.980050217151948345e+03,2.168789562835395437e-03
7.416783651294039373e+03,2.048858753662823311e-03
7.696374362294313869e+03,1.972579628744482172e-03
6.837804242256341240e+03,2.184335692996299157e-03
6.532182332662497174e+03,2.278146028698230414e-03
6.965623076129478250e+03,2.172628382728680578e-03
6.792740815589772865e+03,2.224973698326065258e-03
7.244098721623375241e+03,2.101469185098742663e-03
6.571371805984161256e+03,2.244514389901321270e-03
7.432072028451755614e+03,2.048395313032469033e-03
7.374333918618849566e+03,2.052464039153701052e-03
7.351536345652843920e+03,2.073116743499325756e-03
7.604262821887204154e+03,1.997578609623530763e-03
7.267713293022677135e+03,2.090360183243063826e-03
6.612986781825820799e+03,2.284018892383248532e-03
7.367633617957872957e+03,2.075524556254779249e-03
6.631510430633834403e+03,2.248161536543646574e-03
6.542007940963630972e+03,2.282338832353273620e-03
7.273678833344632039e+03,2.080961838851940696e-03
7.425699712467318022e+03,2.055058641016284989e-03
7.151018102597915458e+03,2.095724709849258131e-03
7.363004657273196244e+03,2.051214113522422354e-03
7.425315478071502184e+03,2.053177255530651106e-03
7.430496932387535708e+03,2.038395927865335917e-03
7.632569612437306205e+03,2.010089777583890566e-03
7.803523829480612221e+03,1.963760680741127689e-03
7.133447862348790295e+03,2.127023865350881251e-03
7.810136112983096609e+03,1.961607508644302653e-03
7.179880302613221829e+03,2.086870896351724833e-03
7.712610501144510636e+03,1.976165322182180887e-03
7.562376242107081453e+03,2.019957936990682268e-03
7.436580782176704815e+03,2.057863209234764550e-03
7.698583261528338880e+03,1.964367746941638165e-03
7.102273913058166727e+03,2.124338187885734669e-03
7.778736749383158894e+03,1.965876639999873925e-03
7.312524536334920413e+03,2.067182849280421904e-03
7.688130785360416667e+03,1.998218968942526864e-03
6.910987848484546703e+03,2.175154260171153608e-03
7.164297899981430419e+03,2.107646976008978410e-03
7.684743245864675373e+03,1.984133728927512438e-03
7.954194593653604898e+03,1.915937323355367808e-03
7.618525847074789453e+03,2.003573144972026383e-03
7.311531906070119476e+03,2.070898627671163578e-03
7.787081395275358773e+03,1.954933845047383909e-03
7.230739945420980803e+03,2.113899953900228584e-03
6.658520996239682972e+03,2.220918816518678736e-03
7.525555353152833050e+03,2.017651702257629298e-03
6.421228682909290001e+03,2.330910278526116073e-03
6.382924520474734891e+03,2.306105990182874196e-03
7.486112574011300239e+03,2.039598808700730619e-03
7.395538808007040643e+03,2.063368321007833916e-03
6.380361790396042124e+03,2.311716924967732734e-03
7.459354592247384971e+03,2.053314257316462069e-03
6.821140959527439918e+03,2.177502351759590636e-03
7.630779977861702719e+03,1.998893643122390696e-03
7.576245993637448009e+03,2.019786116167401196e-03
7.277109464472613581e+03,2.085872513594912159e-03
7.469267681397725937e+03,2.042678181750644077e-03
7.805161553400481353e+03,1.952141901544625965e-03
7.561643998777252818e+03,2.018982566944154278e-03
7.199210434817498935e+03,2.107396432444795780e-03
7.619177036260875866e+03,1.998504976884409208e-03
7.645734316219278298e+03,1.999617086303573203e-03
6.630127614844843265e+03,2.254589976438059300e-03
6.634912343946389228e+03,2.274198139665512073e-03
7.363654057798465146e+03,2.062603301924972529e-03
7.652823243055508101e+03,2.006679300524687529e-03
7.362010426176956571e+03,2.088516396110101647e-03
7.182805337190456157e+03,2.091101559922078044e-03
7.283741219923022072e+03,2.093357273746354261e-03
7.305284863132303144e+03,2.091335849315617557e-03
7.363784827115134249e+03,2.075062305096518709e-03
7.357317569607621408e+03,2.059002572409905380e-03
7.587866334343741073e+03,2.026265431742182554e-03
7.095380759686009696e+03,2.131413996696746374e-03
6.698209809038519779e+03,2.227078846387478724e-03
7.509837352932914655e+03,2.026282684312980323e-03
7.561204586776731958e+03,2.018875139426584264e-03
6.399411695965499348e+03,2.316811300769653324e-03
7.606560734412953934e+03,1.995685237574690036e-03
7.639386591864735237e+03,1.999130798895821029e-03
7.650788273851447229e+03,2.005516158320290194e-03
7.154069725504248709e+03,2.139835978802564261e-03
7.233898467051190892e+03,2.089958316191238390e-03
7.595162151507740418e+03,2.008890540750538252e-03
7.324515697512424595e+03,2.051492624454476655e-03
7.394056867157819397e+03,2.047170918362791261e-03
7.070306732620376351e+03,2.136821952281528492e-03
7.339405115982506686e+03,2.077887255707063213e-03
6.961102346002672675e+03,2.165248201925301826e-03
7.744744648748092004e+03,1.959374413588182637e-03
7.792453197325783549e+03,1.966832069378425269e-03
7.723881522146869429e+03,1.975471074369567707e-03
7.431492696654020619e+03,2.050477088042736065e-03
7.769318383704736334e+03,1.961797819098697656e-03
6.427118786810469828e+03,2.309436121736748067e-03
7.861746662743657907e+03,1.948962016539964540e-03
7.345487339398853692e+03,2.072678466041846281e-03
7.549525556921284988e+03,2.030551685536132866e-03
7.728541573616972528e+03,1.990283577484839705e-03
7.410935513334684401e+03,2.073853359209622618e-03
